[camera]
x=-0.5516597
y=10.6942
z=2.290807
yaw=-93
pitch=7
