[camera]
x=-11.23747
y=-7.574898
z=4.732373
yaw=7
pitch=-23
