[camera]
x=2.0034
y=-21.79187
z=15.15543
yaw=99
pitch=-22
