[camera]
x=-2.308527
y=12.40287
z=2.516737
yaw=-85
pitch=0
